0
4
5
6
8
9
12
12
15
16
17
17
17
19
19
21
21
22
22
25
28
28
30
32
37
37
40
41
41
42
45
45
45
49
51
53
53
53
55
56
56
57
58
58
60
60
61
61
61
64
64
64
64
64
66
68
69
69
71
73
73
73
74
74
76
76
77
77
78
79
80
81
82
82
83
84
85
89
89
89
90
92
92
94
95
98
99
99
100
100
101
101
101
104
104
108
111
112
112
112
113
120
120
121
122
123
124
124
125
125
126
126
126
127
128
129
131
135
136
137
138
140
140
141
142
142
142
142
143
144
145
147
147
148
148
149
150
151
151
151
152
152
153
153
158
161
162
162
163
163
164
167
168
170
171
171
171
172
172
172
172
172
172
173
176
176
176
178
179
179
181
181
182
183
183
184
185
185
186
193
194
195
197
197
197
198
198
198
199
199
199
200
201
201
202
203
204
205
206
211
211
213
215
215
217
220
221
221
222
222
225
225
227
231
231
231
232
233
233
233
234
234
236
237
238
238
241
246
247
249
250
253
254
255
256
256
256
259
260
262
263
263
264
265
267
268
268
268
268
268
269
270
271
273
274
274
275
275
276
278
280
282
283
284
284
285
288
290
291
291
293
295
296
297
299
303
304
304
304
305
306
307
307
307
308
308
311
311
312
312
313
314
314
314
315
316
317
317
317
317
318
318
320
322
322
323
324
325
325
326
328
329
330
331
331
336
336
337
338
338
340
340
340
341
343
344
345
347
348
348
348
348
349
352
354
355
357
358
360
362
363
365
367
367
367
367
367
369
369
371
372
379
382
384
385
387
388
388
389
391
391
391
393
393
394
396
397
397
401
402
403
404
404
408
408
408
410
411
413
413
414
416
416
417
417
418
418
419
421
422
423
427
427
427
427
428
430
430
432
432
433
433
437
438
439
439
439
440
441
441
443
444
446
447
447
447
448
448
451
452
453
454
455
456
457
458
461
461
463
466
466
467
468
468
469
469
469
473
473
475
475
476
477
478
481
482
482
483
487
488
488
489
489
489
490
491
491
492
493
495
496
497
499
500
501
502
503
504
504
504
505
507
510
510
510
512
513
516
517
518
518
520
521
522
522
522
524
524
524
524
525
525
526
526
528
530
531
532
532
533
534
536
537
537
538
539
539
544
545
545
546
546
547
548
551
551
556
556
558
560
561
563
565
567
568
568
570
571
571
572
573
573
574
575
577
577
578
580
581
581
583
584
584
585
586
586
586
586
587
587
588
588
589
589
591
592
593
595
595
595
598
598
599
600
601
601
601
602
602
605
608
608
610
611
612
612
613
614
614
616
616
616
616
617
617
623
623
625
625
625
626
626
627
628
629
630
632
633
633
633
635
636
637
638
638
639
640
640
640
641
641
641
641
642
643
643
645
645
645
647
647
651
652
654
654
654
655
656
656
659
659
659
661
663
664
668
672
672
672
674
674
674
675
678
682
682
685
686
687
689
689
690
690
690
691
692
694
694
695
696
696
696
697
697
699
699
701
701
702
703
705
705
706
706
706
708
708
709
709
709
710
712
715
715
717
717
720
721
722
723
723
725
725
726
726
727
731
732
732
733
733
734
734
737
737
742
743
743
744
744
748
750
752
752
753
753
753
755
756
756
757
758
758
759
762
762
762
762
763
763
767
768
769
770
770
771
771
773
778
778
778
780
781
785
786
786
787
789
789
792
793
793
794
794
795
797
798
800
803
803
806
806
806
811
811
811
812
814
815
815
815
817
818
820
820
821
821
821
825
827
827
828
829
833
834
835
835
835
836
837
839
840
841
841
842
842
843
844
845
846
846
849
850
852
853
853
854
854
855
858
859
860
860
860
861
864
864
865
866
866
866
867
869
870
873
876
876
876
878
881
884
884
885
887
889
889
889
890
891
892
893
893
894
895
898
900
900
901
901
903
904
904
905
906
907
907
907
907
909
913
914
917
918
919
920
920
921
922
923
924
924
926
927
928
928
929
929
930
931
932
932
934
934
935
935
935
936
937
941
941
941
941
942
943
944
944
945
945
946
946
947
948
949
950
950
951
952
954
954
955
955
957
958
958
959
961
961
962
963
964
964
966
968
968
969
970
970
975
977
977
979
980
981
981
982
982
982
984
986
986
988
989
990
991
992
992
993
993
994
995
995
995
996
997
998
999
999
1001
1004
1004
1005
1005
1005
1005
1008
1009
1009
1011
1011
1011
1013
1014
1014
1015
1017
1018
1019
1023
1025
1026
1027
1028
1028
1028
1029
1029
1029
1030
1030
1035
1037
1039
1039
1039
1040
1041
1041
1043
1043
1045
1046
1048
1048
1048
1048
1051
1051
1052
1054
1055
1056
1056
1057
1057
1061
1061
1063
1063
1064
1065
1066
1067
1068
1068
1068
1069
1069
1069
1070
1071
1071
1071
1071
1072
1075
1078
1078
1078
1080
1082
1087
1087
1090
1091
1091
1092
1095
1096
1097
1098
1100
1102
1102
1104
1104
1104
1105
1108
1109
1109
1110
1110
1112
1113
1113
1114
1114
1115
1115
1117
1119
1119
1119
1120
1120
1123
1126
1127
1129
1129
1129
1129
1130
1130
1132
1132
1133
1137
1137
1138
1139
1140
1141
1141
1142
1142
1144
1147
1148
1148
1149
1149
1150
1152
1153
1153
1154
1155
1156
1156
1156
1157
1157
1158
1158
1159
1159
1159
1160
1160
1160
1161
1161
1162
1164
1165
1166
1167
1169
1169
1170
1170
1170
1170
1170
1172
1172
1172
1172
1172
1173
1174
1178
1179
1180
1181
1181
1181
1183
1183
1184
1185
1185
1186
1186
1187
1187
1188
1190
1191
1191
1191
1191
1192
1195
1195
1195
1196
1197
1197
1198
1200
1201
1202
1202
1204
1205
1206
1206
1206
1209
1209
1211
1211
1212
1213
1216
1221
1222
1222
1222
1223
1225
1225
1226
1226
1226
1227
1227
1227
1228
1229
1229
1229
1229
1230
1232
1232
1233
1234
1237
1238
1240
1241
1241
1242
1243
1244
1244
1249
1249
1250
1251
1254
1261
1264
1267
1268
1270
1271
1271
1272
1272
1273
1274
1274
1276
1277
1278
1278
1279
1280
1281
1282
1282
1282
1283
1283
1286
1287
1289
1289
1291
1293
1294
1298
1300
1300
1300
1301
1302
1303
1306
1306
1308
1309
1310
1312
1314
1314
1315
1316
1317
1317
1317
1318
1319
1323
1324
1324
1324
1325
1326
1326
1327
1328
1329
1330
1330
1331
1332
1333
1333
1333
1335
1336
1337
1338
1339
1340
1340
1340
1340
1341
1343
1345
1346
1348
1352
1353
1353
1354
1354
1355
1356
1357
1361
1362
1362
1362
1363
1364
1364
1364
1366
1366
1367
1368
1371
1374
1375
1375
1377
1377
1379
1380
1380
1380
1383
1384
1385
1385
1386
1387
1387
1387
1387
1387
1388
1390
1393
1393
1394
1394
1396
1397
1397
1398
1399
1400
1400
1400
1400
1401
1401
1402
1404
1405
1406
1407
1408
1409
1409
1410
1410
1411
1412
1413
1413
1413
1414
1417
1417
1420
1420
1421
1421
1421
1422
1424
1425
1427
1427
1427
1430
1431
1431
1436
1436
1439
1440
1440
1441
1442
1443
1443
1444
1446
1447
1448
1449
1449
1450
1450
1451
1452
1452
1453
1453
1453
1458
1458
1458
1460
1465
1467
1467
1467
1468
1468
1471
1472
1473
1473
1473
1474
1474
1474
1474
1475
1475
1476
1478
1478
1479
1479
1480
1480
1483
1483
1484
1485
1488
1489
1491
1492
1493
1493
1494
1496
1496
1497
1498
1500
1502
1503
1503
1504
1505
1505
1506
1509
1509
1511
1513
1515
1517
1519
1521
1521
1521
1521
1522
1522
1522
1523
1523
1523
1525
1526
1527
1527
1529
1529
1529
1529
1531
1532
1532
1533
1535
1536
1536
1537
1537
1539
1539
1540
1540
1542
1543
1544
1544
1545
1546
1546
1546
1546
1547
1547
1548
1549
1550
1550
1551
1551
1551
1553
1554
1555
1556
1556
1556
1557
1557
1559
1560
1561
1561
1562
1563
1563
1569
1570
1572
1577
1578
1579
1580
1581
1581
1581
1585
1586
1586
1586
1586
1586
1588
1588
1589
1592
1593
1593
1595
1596
1598
1600
1600
1602
1604
1605
1605
1605
1605
1607
1607
1608
1609
1609
1609
1614
1614
1615
1615
1615
1616
1619
1621
1623
1625
1625
1626
1627
1627
1627
1628
1631
1631
1632
1633
1634
1637
1638
1638
1640
1641
1641
1642
1642
1643
1643
1644
1644
1644
1645
1645
1646
1647
1647
1648
1648
1648
1650
1651
1651
1651
1654
1656
1656
1660
1661
1662
1665
1666
1666
1666
1668
1671
1672
1673
1674
1674
1676
1676
1677
1679
1680
1680
1682
1682
1684
1684
1685
1685
1685
1688
1688
1688
1692
1692
1692
1693
1695
1695
1696
1696
1697
1698
1698
1700
1701
1701
1701
1702
1703
1704
1705
1707
1709
1709
1711
1712
1713
1713
1713
1714
1714
1714
1714
1715
1715
1715
1715
1716
1716
1718
1722
1722
1723
1725
1725
1726
1727
1728
1728
1728
1729
1729
1729
1730
1733
1733
1733
1737
1737
1739
1740
1742
1742
1745
1746
1746
1748
1749
1749
1750
1751
1753
1755
1756
1757
1758
1758
1759
1760
1761
1762
1762
1764
1764
1764
1765
1765
1768
1768
1769
1769
1771
1773
1774
1776
1776
1777
1777
1777
1778
1779
1780
1781
1783
1785
1786
1788
1790
1791
1791
1792
1794
1796
1797
1797
1799
1799
1803
1804
1805
1806
1806
1806
1807
1807
1808
1808
1808
1810
1811
1811
1811
1812
1813
1813
1814
1815
1816
1816
1818
1818
1818
1819
1819
1820
1820
1822
1823
1823
1824
1825
1827
1828
1828
1829
1830
1830
1831
1832
1832
1833
1833
1833
1834
1836
1836
1837
1838
1840
1840
1842
1842
1843
1844
1844
1844
1845
1847
1847
1847
1848
1848
1849
1849
1850
1852
1853
1854
1855
1855
1856
1856
1857
1858
1859
1859
1861
1864
1864
1864
1865
1866
1868
1868
1868
1868
1869
1869
1869
1871
1871
1871
1872
1872
1872
1872
1873
1873
1875
1878
1879
1880
1881
1882
1883
1884
1884
1884
1885
1887
1890
1892
1893
1893
1895
1896
1897
1897
1899
1899
1899
1900
1900
1902
1908
1908
1909
1910
1910
1910
1911
1914
1917
1917
1918
1919
1920
1920
1924
1924
1925
1927
1928
1930
1931
1934
1935
1935
1936
1938
1940
1940
1944
1945
1945
1946
1946
1948
1949
1949
1951
1952
1953
1955
1956
1957
1959
1960
1960
1961
1961
1962
1962
1963
1965
1965
1967
1968
1968
1968
1973
1973
1973
1975
1975
1977
1977
1978
1979
1981
1984
1984
1984
1987
1987
1988
1989
1989
1990
1991
1992
1993
1994
1994
1995
1995
1998
1999
2002
2002
2003
2003
2004
2005
2006
2007
2007
2007
2008
2008
2009
2009
2010
2011
2012
2012
2012
2013
2014
2015
2015
2017
2018
2018
2022
2025
2027
2028
2028
2032
2032
2034
2036
2036
2038
2039
2041
2042
2042
2044
2044
2045
2048
2049
2050
2051
2052
2053
2053
2054
2056
2056
2056
2057
2057
2058
2059
2059
2060
2060
2061
2062
2062
2062
2062
2063
2063
2066
2069
2070
2071
2075
2077
2077
2078
2081
2082
2082
2082
2083
2083
2083
2084
2084
2085
2086
2086
2087
2088
2089
2091
2092
2096
2096
2098
2102
2102
2102
2105
2106
2107
2107
2108
2109
2109
2110
2110
2111
2112
2115
2115
2115
2115
2116
2117
2119
2120
2120
2121
2122
2123
2124
2125
2126
2127
2128
2129
2130
2130
2130
2131
2132
2132
2132
2133
2134
2135
2137
2137
2140
2141
2141
2144
2144
2147
2148
2148
2149
2150
2150
2150
2151
2154
2155
2156
2157
2160
2160
2161
2162
2163
2163
2163
2164
2165
2165
2167
2167
2168
2168
2168
2169
2169
2169
2169
2172
2172
2172
2173
2175
2177
2177
2179
2179
2180
2181
2182
2184
2186
2186
2188
2189
2189
2190
2190
2192
2193
2193
2194
2194
2195
2197
2199
2200
2203
2203
2203
2203
2204
2205
2207
2208
2208
2208
2208
2211
2211
2212
2212
2213
2213
2214
2214
2216
2217
2217
2218
2221
2222
2223
2223
2223
2223
2224
2225
2225
2227
2229
2230
2230
2232
2233
2233
2234
2234
2238
2240
2240
2241
2241
2241
2242
2242
2243
2245
2245
2248
2250
2250
2251
2252
2252
2254
2255
2255
2262
2262
2263
2263
2263
2264
2266
2267
2268
2270
2271
2271
2272
2273
2274
2275
2277
2278
2282
2282
2284
2284
2284
2285
2286
2290
2290
2290
2292
2292
2294
2294
2295
2296
2296
2297
2297
2298
2301
2301
2303
2303
2303
2304
2304
2306
2306
2307
2307
2307
2308
2312
2312
2312
2313
2317
2318
2318
2319
2321
2323
2327
2328
2328
2331
2334
2337
2340
2341
2342
2343
2343
2344
2345
2347
2348
2349
2349
2351
2351
2352
2352
2355
2355
2356
2357
2358
2358
2358
2359
2364
2364
2364
2365
2368
2369
2369
2371
2372
2373
2374
2375
2375
2375
2376
2376
2376
2378
2379
2381
2381
2381
2382
2383
2383
2384
2385
2385
2385
2385
2386
2387
2387
2389
2391
2391
2392
2392
2393
2394
2395
2395
2395
2396
2397
2397
2398
2398
2398
2399
2399
2399
2401
2402
2403
2403
2404
2408
2409
2410
2410
2410
2414
2415
2415
2416
2416
2417
2417
2422
2423
2424
2424
2424
2424
2426
2427
2427
2428
2429
2429
2429
2432
2434
2435
2436
2438
2439
2439
2440
2441
2442
2444
2444
2445
2447
2448
2449
2450
2450
2451
2454
2455
2457
2458
2459
2462
2463
2464
2464
2465
2465
2466
2466
2467
2467
2467
2467
2469
2472
2472
2474
2474
2476
2477
2478
2479
2480
2481
2481
2481
2481
2481
2486
2486
2487
2487
2489
2490
2491
2491
2492
2492
2496
2496
2498
2499
2500
2500
2501
2503
2504
2505
2506
2506
2507
2509
2509
2511
2511
2512
2513
2513
2514
2517
2517
2519
2519
2521
2521
2523
2523
2523
2524
2525
2525
2529
2530
2531
2531
2532
2533
2536
2539
2539
2541
2542
2545
2546
2546
2547
2547
2549
2550
2551
2553
2553
2554
2554
2554
2555
2556
2556
2556
2557
2557
2557
2558
2559
2560
2561
2564
2564
2564
2565
2565
2566
2567
2567
2568
2568
2570
2570
2571
2571
2573
2574
2574
2575
2575
2578
2578
2581
2581
2582
2583
2583
2586
2588
2590
2591
2593
2593
2594
2595
2596
2596
2597
2597
2597
2598
2599
2600
2600
2600
2601
2601
2602
2602
2603
2604
2604
2604
2605
2605
2606
2608
2608
2609
2609
2609
2609
2610
2612
2612
2614
2614
2615
2615
2615
2616
2617
2617
2617
2618
2618
2619
2620
2621
2621
2622
2623
2624
2624
2626
2626
2627
2627
2632
2636
2636
2638
2639
2640
2641
2644
2644
2644
2644
2644
2645
2646
2647
2648
2648
2648
2649
2650
2650
2650
2653
2655
2656
2657
2657
2658
2659
2660
2660
2661
2667
2668
2669
2669
2670
2670
2674
2675
2676
2677
2677
2678
2678
2679
2679
2680
2681
2681
2682
2682
2683
2684
2685
2690
2693
2694
2695
2700
2701
2701
2702
2704
2705
2708
2710
2712
2712
2712
2713
2713
2713
2714
2715
2719
2719
2721
2721
2721
2722
2725
2727
2727
2727
2729
2729
2733
2737
2737
2737
2739
2739
2739
2740
2740
2742
2745
2746
2746
2746
2747
2749
2751
2751
2751
2752
2753
2754
2756
2757
2758
2758
2759
2761
2762
2763
2764
2765
2765
2766
2768
2768
2769
2772
2773
2774
2774
2776
2777
2777
2779
2779
2781
2782
2782
2783
2783
2783
2784
2786
2787
2789
2789
2789
2790
2791
2792
2794
2795
2795
2795
2797
2797
2798
2798
2798
2798
2801
2801
2802
2802
2803
2804
2805
2807
2807
2808
2808
2809
2810
2811
2812
2812
2814
2814
2814
2814
2815
2816
2817
2818
2819
2819
2823
2823
2824
2824
2824
2825
2826
2827
2827
2830
2832
2832
2836
2840
2840
2840
2840
2842
2843
2843
2844
2845
2846
2846
2847
2849
2850
2850
2851
2851
2853
2854
2855
2858
2858
2859
2861
2861
2862
2863
2863
2863
2864
2866
2866
2866
2866
2867
2867
2868
2869
2870
2874
2875
2876
2876
2878
2878
2881
2881
2882
2882
2884
2885
2885
2887
2889
2891
2891
2894
2894
2894
2895
2895
2895
2896
2897
2898
2898
2898
2899
2899
2899
2900
2900
2900
2901
2901
2902
2902
2902
2903
2903
2904
2904
2905
2906
2906
2906
2906
2908
2909
2910
2911
2913
2914
2914
2915
2919
2919
2919
2920
2921
2921
2923
2923
2926
2926
2928
2928
2929
2929
2929
2929
2930
2930
2931
2933
2935
2935
2936
2936
2936
2938
2943
2943
2943
2944
2945
2945
2946
2947
2947
2948
2949
2950
2952
2953
2953
2955
2955
2961
2961
2961
2966
2966
2967
2967
2968
2968
2971
2972
2974
2975
2976
2976
2978
2979
2980
2981
2981
2983
2984
2985
2987
2988
2989
2993
2993
2993
2994
2994
2996
2999
2999
3001
3001
3001
3002
3003
3003
3006
3006
3006
3007
3008
3009
3010
3011
3011
3012
3012
3018
3019
3019
3021
3024
3025
3026
3028
3031
3031
3031
3033
3033
3034
3034
3039
3042
3043
3044
3046
3047
3048
3049
3050
3051
3054
3054
3055
3058
3060
3060
3062
3063
3064
3065
3065
3066
3069
3069
3070
3070
3072
3072
3073
3073
3076
3077
3079
3080
3080
3081
3081
3082
3082
3083
3085
3088
3088
3089
3091
3094
3094
3095
3096
3097
3098
3100
3101
3101
3102
3102
3103
3104
3104
3105
3106
3106
3107
3108
3110
3113
3113
3115
3115
3116
3117
3117
3118
3119
3119
3121
3121
3121
3122
3127
3128
3128
3128
3128
3131
3131
3132
3133
3134
3134
3135
3137
3138
3141
3141
3142
3146
3147
3147
3149
3149
3150
3151
3151
3152
3153
3154
3154
3154
3155
3156
3157
3157
3158
3158
3159
3159
3162
3165
3166
3168
3168
3169
3170
3170
3171
3171
3171
3171
3172
3175
3175
3176
3178
3179
3179
3181
3181
3181
3183
3183
3183
3183
3184
3186
3186
3187
3187
3189
3189
3191
3191
3192
3192
3192
3192
3192
3193
3196
3196
3196
3197
3198
3198
3199
3199
3199
3200
3200
3202
3202
3202
3205
3205
3205
3206
3207
3212
3212
3213
3215
3215
3215
3216
3216
3217
3217
3218
3222
3223
3224
3224
3224
3225
3226
3226
3226
3228
3229
3231
3232
3233
3233
3234
3237
3240
3243
3243
3243
3244
3244
3246
3247
3247
3247
3249
3252
3253
3257
3258
3259
3262
3262
3265
3268
3269
3271
3272
3276
3278
3278
3279
3280
3280
3280
3281
3282
3283
3283
3286
3286
3286
3286
3287
3287
3289
3290
3292
3293
3293
3295
3296
3298
3298
3299
3299
3299
3299
3300
3300
3301
3302
3302
3303
3304
3305
3305
3307
3308
3309
3309
3310
3311
3312
3312
3314
3314
3315
3315
3316
3318
3318
3319
3320
3320
3321
3321
3323
3324
3325
3325
3325
3327
3327
3328
3328
3329
3329
3333
3333
3334
3336
3338
3338
3339
3340
3340
3344
3344
3346
3346
3346
3347
3347
3348
3350
3351
3352
3352
3353
3353
3354
3354
3356
3357
3358
3358
3359
3361
3362
3362
3362
3363
3365
3367
3367
3367
3368
3369
3369
3373
3375
3377
3378
3378
3380
3381
3382
3382
3382
3383
3384
3384
3386
3387
3387
3387
3391
3391
3391
3397
3397
3397
3398
3399
3399
3399
3401
3401
3402
3402
3403
3403
3403
3406
3408
3408
3408
3408
3408
3409
3411
3412
3413
3414
3415
3418
3419
3419
3421
3421
3422
3424
3424
3424
3425
3427
3430
3430
3430
3432
3433
3434
3435
3438
3438
3439
3440
3441
3442
3442
3443
3443
3444
3444
3445
3445
3445
3448
3448
3448
3449
3450
3450
3452
3455
3456
3456
3456
3459
3459
3460
3461
3463
3465
3466
3467
3467
3468
3469
3470
3470
3471
3471
3471
3473
3475
3476
3477
3477
3477
3479
3479
3479
3479
3481
3482
3483
3484
3484
3488
3489
3490
3490
3491
3492
3492
3493
3495
3495
3495
3496
3496
3498
3498
3499
3501
3503
3504
3505
3505
3506
3506
3507
3510
3511
3512
3512
3512
3513
3513
3516
3518
3519
3519
3519
3519
3529
3530
3531
3532
3533
3534
3534
3535
3535
3535
3535
3536
3538
3538
3544
3544
3545
3545
3546
3546
3546
3549
3551
3552
3553
3555
3556
3556
3557
3559
3559
3563
3563
3563
3565
3566
3567
3567
3568
3571
3573
3574
3574
3577
3577
3578
3578
3579
3579
3579
3585
3588
3589
3589
3591
3593
3593
3594
3595
3596
3596
3597
3597
3598
3599
3599
3600
3602
3603
3606
3606
3606
3607
3607
3608
3611
3613
3613
3616
3616
3617
3619
3619
3621
3621
3622
3623
3624
3626
3627
3628
3629
3630
3630
3631
3633
3637
3637
3638
3640
3640
3641
3641
3643
3646
3646
3648
3648
3649
3650
3651
3651
3653
3654
3654
3655
3657
3657
3657
3659
3661
3663
3664
3670
3673
3674
3675
3675
3676
3677
3677
3678
3681
3682
3683
3683
3685
3687
3687
3687
3688
3689
3690
3690
3691
3693
3694
3696
3696
3696
3699
3699
3702
3702
3703
3704
3704
3707
3707
3708
3708
3710
3710
3710
3711
3711
3711
3712
3712
3713
3713
3713
3714
3715
3716
3716
3716
3717
3718
3718
3719
3719
3720
3722
3725
3725
3726
3728
3731
3732
3733
3733
3733
3737
3737
3739
3739
3740
3740
3740
3741
3742
3743
3744
3745
3746
3746
3746
3749
3749
3750
3751
3753
3754
3755
3755
3756
3757
3758
3759
3760
3760
3761
3762
3765
3765
3766
3766
3766
3768
3768
3770
3770
3771
3772
3773
3773
3774
3777
3780
3781
3781
3781
3782
3783
3786
3786
3787
3787
3787
3788
3789
3789
3792
3792
3793
3793
3793
3794
3796
3800
3800
3802
3802
3803
3803
3803
3805
3806
3806
3808
3809
3809
3810
3811
3811
3812
3815
3817
3817
3817
3819
3820
3823
3823
3823
3824
3825
3828
3831
3834
3835
3835
3835
3835
3835
3835
3836
3839
3841
3842
3847
3848
3849
3849
3850
3854
3854
3855
3857
3859
3859
3859
3859
3860
3860
3860
3860
3863
3863
3863
3863
3864
3864
3865
3865
3866
3868
3869
3869
3870
3870
3873
3873
3877
3878
3878
3879
3879
3882
3882
3883
3883
3885
3885
3885
3886
3886
3889
3891
3892
3893
3895
3895
3895
3897
3898
3899
3899
3900
3903
3905
3908
3909
3909
3909
3911
3912
3913
3913
3915
3917
3919
3921
3921
3923
3924
3925
3926
3927
3929
3930
3931
3933
3937
3937
3938
3938
3938
3943
3946
3946
3947
3948
3949
3952
3952
3953
3954
3956
3956
3957
3957
3958
3958
3959
3961
3963
3963
3963
3966
3967
3967
3968
3970
3970
3973
3974
3974
3974
3975
3976
3976
3976
3979
3979
3980
3981
3981
3982
3982
3982
3983
3983
3984
3988
3988
3991
3992
3994
3995
3996
3997
3997
3999
4001
4001
4002
4006
4007
4008
4008
4009
4009
4009
4010
4010
4011
4011
4012
4012
4013
4014
4014
4016
4016
4017
4017
4021
4021
4022
4022
4022
4023
4023
4023
4025
4025
4025
4025
4027
4028
4029
4031
4033
4034
4036
4036
4038
4038
4038
4038
4043
4046
4046
4048
4050
4053
4054
4056
4056
4056
4056
4059
4059
4059
4060
4060
4062
4064
4064
4065
4065
4066
4068
4068
4075
4076
4076
4077
4078
4079
4079
4081
4082
4082
4082
4083
4083
4084
4084
4086
4089
4089
4090
4090
4091
4093
4097
4100
4101
4101
4101
4104
4105
4106
4106
4109
4109
4110
4111
4112
4112
4112
4112
4113
4116
4117
4117
4118
4119
4119
4122
4123
4123
4124
4125
4125
4127
4128
4128
4129
4130
4130
4130
4134
4138
4138
4139
4140
4140
4140
4142
4145
4146
4148
4149
4149
4151
4152
4152
4155
4155
4156
4158
4158
4159
4159
4160
4161
4163
4164
4164
4166
4167
4168
4169
4169
4170
4170
4170
4170
4172
4172
4173
4173
4173
4175
4176
4177
4177
4177
4178
4179
4179
4179
4180
4182
4182
4183
4183
4184
4184
4186
4186
4186
4186
4187
4187
4188
4191
4191
4192
4193
4193
4193
4194
4194
4196
4197
4198
4199
4200
4204
4206
4206
4208
4208
4210
4211
4211
4212
4213
4213
4214
4214
4215
4216
4216
4216
4216
4218
4218
4220
4221
4221
4222
4222
4223
4223
4224
4226
4227
4231
4232
4232
4233
4234
4235
4236
4236
4237
4239
4240
4240
4241
4244
4246
4247
4247
4248
4250
4251
4251
4251
4252
4252
4253
4253
4254
4259
4259
4259
4260
4260
4261
4261
4262
4263
4264
4264
4265
4266
4266
4267
4267
4268
4268
4269
4270
4270
4272
4274
4275
4276
4277
4277
4278
4279
4279
4280
4281
4281
4282
4283
4283
4284
4284
4286
4288
4288
4289
4289
4290
4291
4291
4291
4292
4292
4296
4296
4298
4298
4300
4303
4303
4304
4304
4305
4305
4306
4306
4307
4307
4307
4307
4311
4311
4311
4314
4314
4317
4317
4317
4319
4321
4323
4324
4325
4326
4326
4326
4327
4328
4329
4329
4330
4330
4331
4332
4333
4334
4334
4335
4336
4337
4338
4338
4338
4339
4340
4341
4342
4344
4344
4344
4345
4345
4346
4346
4346
4346
4346
4349
4351
4351
4351
4352
4352
4352
4352
4353
4354
4355
4357
4357
4358
4359
4360
4360
4360
4362
4363
4363
4363
4364
4364
4364
4364
4365
4365
4366
4367
4369
4369
4370
4370
4371
4372
4372
4374
4376
4379
4379
4380
4380
4382
4384
4384
4385
4386
4387
4387
4387
4391
4392
4392
4393
4393
4394
4394
4395
4396
4396
4397
4398
4398
4401
4402
4408
4408
4408
4409
4411
4411
4413
4414
4414
4415
4415
4418
4420
4420
4424
4425
4426
4427
4429
4429
4430
4432
4432
4432
4433
4434
4434
4437
4438
4439
4439
4441
4441
4441
4441
4441
4443
4444
4445
4445
4446
4447
4449
4451
4454
4456
4459
4463
4463
4464
4465
4466
4466
4467
4467
4468
4468
4468
4469
4470
4472
4474
4474
4474
4475
4477
4477
4477
4479
4480
4481
4482
4483
4483
4483
4485
4486
4487
4487
4488
4488
4488
4489
4490
4490
4490
4490
4491
4493
4495
4498
4499
4502
4502
4503
4504
4504
4506
4506
4507
4507
4508
4509
4510
4511
4511
4512
4513
4514
4517
4520
4522
4522
4526
4528
4528
4531
4532
4537
4537
4538
4540
4541
4542
4543
4543
4544
4544
4545
4545
4545
4545
4547
4547
4548
4549
4550
4551
4552
4552
4552
4554
4555
4556
4559
4559
4559
4560
4565
4566
4567
4567
4567
4569
4569
4571
4573
4575
4576
4577
4578
4579
4579
4580
4580
4580
4580
4581
4581
4582
4583
4583
4584
4585
4589
4594
4595
4595
4596
4597
4599
4599
4599
4600
4601
4602
4603
4603
4603
4603
4604
4609
4610
4611
4612
4613
4614
4614
4615
4616
4617
4618
4621
4622
4622
4625
4625
4627
4627
4631
4632
4633
4633
4634
4635
4636
4637
4641
4641
4644
4645
4645
4647
4648
4649
4650
4650
4650
4652
4652
4653
4653
4655
4655
4656
4656
4657
4657
4658
4658
4660
4664
4664
4665
4665
4667
4667
4668
4668
4669
4671
4671
4672
4672
4675
4676
4676
4679
4679
4680
4681
4681
4682
4683
4683
4683
4684
4684
4684
4685
4685
4686
4686
4687
4687
4687
4688
4688
4688
4690
4693
4693
4694
4694
4695
4696
4696
4699
4700
4700
4700
4700
4701
4702
4702
4703
4704
4705
4705
4706
4706
4708
4709
4710
4712
4712
4712
4714
4715
4717
4717
4718
4719
4719
4720
4720
4721
4722
4723
4723
4725
4727
4727
4728
4728
4730
4730
4730
4731
4732
4732
4733
4734
4734
4735
4736
4738
4741
4742
4744
4744
4745
4746
4749
4750
4751
4751
4751
4752
4753
4756
4758
4759
4760
4761
4761
4763
4764
4767
4770
4770
4771
4772
4772
4773
4777
4783
4784
4784
4786
4786
4787
4787
4789
4789
4790
4790
4793
4793
4793
4793
4793
4793
4794
4796
4797
4797
4799
4803
4804
4807
4809
4811
4811
4812
4812
4814
4814
4815
4819
4820
4821
4821
4826
4827
4827
4828
4830
4831
4832
4834
4834
4836
4836
4837
4837
4837
4838
4839
4842
4842
4842
4843
4844
4848
4850
4850
4851
4853
4853
4854
4855
4855
4855
4857
4859
4859
4860
4862
4862
4862
4863
4864
4865
4866
4868
4868
4870
4870
4873
4877
4878
4880
4881
4881
4882
4882
4882
4883
4884
4885
4885
4885
4885
4885
4885
4886
4886
4888
4889
4889
4890
4892
4894
4897
4899
4899
4901
4902
4903
4903
4904
4905
4905
4906
4907
4908
4908
4909
4909
4909
4910
4910
4910
4913
4913
4914
4915
4915
4915
4915
4916
4916
4916
4917
4919
4920
4922
4923
4924
4927
4928
4929
4930
4931
4931
4936
4938
4938
4939
4939
4939
4940
4941
4946
4947
4947
4948
4948
4948
4951
4952
4952
4953
4957
4957
4958
4959
4960
4960
4960
4961
4963
4963
4963
4963
4964
4964
4965
4966
4967
4968
4969
4970
4970
4970
4971
4971
4971
4971
4971
4975
4977
4977
4978
4980
4980
4981
4982
4983
4983
4983
4984
4984
4985
4986
4986
4988
4988
4989
4990
4991
4992
4992
4993
4993
4993
4994
4994
4995
4996
4997
4997
4998
5001
5002
5002
5004
5006
5006
5007
5008
5009
5009
5009
5009
5009
5010
5010
5013
5016
5016
5018
5018
5018
5022
5024
5024
5025
5027
5027
5027
5028
5028
5029
5029
5029
5030
5030
5032
5032
5032
5034
5035
5035
5036
5037
5037
5039
5039
5039
5041
5041
5042
5043
5044
5044
5046
5048
5050
5050
5051
5052
5053
5056
5058
5058
5058
5058
5060
5061
5061
5062
5062
5062
5063
5064
5065
5067
5067
5072
5073
5073
5075
5076
5077
5078
5080
5083
5084
5085
5085
5085
5086
5086
5089
5091
5091
5091
5092
5093
5094
5094
5094
5095
5095
5095
5096
5097
5098
5099
5099
5100
5102
5102
5102
5103
5103
5105
5108
5108
5108
5110
5112
5112
5113
5114
5114
5115
5116
5117
5118
5119
5120
5122
5125
5126
5126
5131
5132
5132
5133
5134
5134
5135
5136
5137
5140
5142
5142
5144
5147
5147
5151
5152
5153
5155
5156
5157
5157
5157
5158
5159
5159
5163
5164
5164
5165
5166
5168
5168
5169
5169
5170
5173
5174
5174
5175
5176
5177
5177
5179
5181
5181
5181
5183
5183
5184
5184
5186
5186
5187
5188
5190
5191
5191
5192
5193
5196
5198
5198
5198
5198
5198
5199
5199
5200
5200
5202
5203
5203
5205
5206
5210
5211
5213
5213
5214
5215
5216
5218
5223
5224
5224
5226
5228
5229
5230
5230
5231
5232
5232
5232
5232
5233
5233
5234
5234
5235
5235
5236
5237
5237
5238
5239
5240
5241
5241
5244
5244
5244
5245
5246
5246
5247
5248
5248
5248
5250
5252
5256
5259
5259
5262
5262
5263
5264
5264
5264
5265
5269
5269
5270
5271
5271
5272
5273
5275
5276
5277
5277
5278
5278
5279
5281
5281
5282
5283
5283
5285
5285
5286
5286
5287
5288
5290
5292
5293
5294
5297
5298
5299
5300
5302
5303
5303
5304
5305
5310
5311
5312
5314
5315
5316
5318
5320
5322
5322
5323
5323
5325
5325
5326
5327
5327
5328
5332
5333
5334
5334
5336
5338
5338
5342
5342
5343
5346
5349
5351
5353
5355
5356
5356
5357
5358
5359
5359
5360
5360
5361
5361
5361
5362
5363
5363
5364
5367
5367
5367
5367
5368
5369
5370
5371
5371
5372
5372
5373
5373
5374
5375
5375
5376
5377
5377
5380
5380
5381
5381
5382
5382
5382
5382
5383
5384
5388
5389
5390
5390
5391
5394
5395
5396
5397
5398
5398
5399
5399
5401
5401
5405
5405
5406
5410
5411
5411
5411
5413
5414
5414
5414
5415
5416
5417
5417
5418
5419
5419
5419
5420
5421
5425
5426
5426
5428
5430
5431
5434
5438
5440
5440
5441
5441
5441
5443
5444
5445
5445
5450
5450
5451
5454
5454
5455
5457
5457
5459
5459
5459
5460
5460
5461
5462
5462
5463
5463
5464
5464
5467
5468
5468
5469
5469
5470
5472
5472
5475
5475
5477
5481
5482
5483
5483
5483
5484
5484
5485
5485
5486
5486
5486
5492
5492
5493
5494
5497
5497
5497
5497
5498
5498
5499
5500
5503
5503
5503
5504
5505
5506
5506
5507
5507
5508
5510
5511
5514
5515
5516
5519
5519
5521
5523
5523
5523
5525
5526
5526
5527
5527
5528
5529
5529
5529
5530
5530
5533
5535
5536
5538
5540
5541
5541
5541
5543
5547
5547
5547
5549
5550
5552
5552
5553
5555
5555
5557
5557
5558
5558
5558
5559
5561
5562
5562
5563
5564
5564
5567
5567
5567
5567
5568
5569
5569
5569
5569
5571
5571
5572
5572
5574
5575
5575
5575
5576
5579
5580
5580
5582
5582
5583
5583
5585
5585
5585
5587
5587
5588
5589
5589
5591
5592
5593
5595
5595
5597
5598
5598
5599
5601
5603
5604
5604
5607
5609
5609
5610
5611
5612
5612
5615
5616
5617
5618
5620
5622
5624
5624
5625
5625
5627
5630
5630
5631
5633
5634
5637
5640
5642
5642
5644
5645
5645
5646
5646
5648
5649
5649
5650
5650
5652
5655
5655
5656
5656
5658
5658
5658
5659
5659
5659
5660
5661
5662
5662
5663
5664
5664
5666
5666
5667
5669
5669
5671
5671
5672
5672
5673
5674
5675
5675
5677
5678
5679
5680
5683
5683
5683
5683
5684
5689
5690
5691
5696
5696
5697
5697
5698
5698
5699
5699
5699
5700
5701
5703
5703
5703
5704
5704
5704
5704
5705
5706
5707
5707
5709
5709
5710
5710
5714
5715
5719
5719
5719
5720
5720
5721
5721
5721
5722
5723
5723
5724
5726
5727
5731
5733
5733
5734
5736
5737
5737
5738
5738
5739
5740
5740
5741
5742
5742
5743
5743
5745
5746
5748
5752
5752
5753
5755
5756
5758
5758
5760
5760
5761
5762
5762
5767
5768
5768
5768
5770
5771
5772
5772
5774
5775
5775
5776
5779
5779
5779
5780
5781
5781
5782
5783
5785
5785
5787
5788
5791
5791
5791
5792
5792
5797
5799
5800
5800
5804
5806
5807
5808
5808
5812
5813
5813
5815
5819
5821
5822
5822
5824
5826
5827
5829
5829
5829
5830
5830
5830
5830
5832
5833
5833
5834
5834
5835
5836
5837
5837
5837
5842
5843
5843
5844
5844
5845
5846
5847
5848
5848
5848
5851
5854
5858
5858
5859
5859
5861
5862
5863
5864
5864
5864
5865
5866
5867
5868
5869
5870
5870
5872
5872
5873
5875
5876
5876
5878
5880
5880
5881
5881
5883
5884
5886
5886
5887
5890
5890
5891
5894
5896
5896
5896
5897
5897
5897
5898
5900
5901
5902
5904
5907
5908
5908
5909
5909
5911
5912
5913
5915
5916
5916
5916
5917
5918
5919
5920
5921
5921
5922
5924
5924
5925
5926
5927
5927
5929
5930
5930
5931
5931
5931
5933
5934
5937
5938
5939
5940
5941
5942
5942
5943
5943
5943
5944
5945
5946
5947
5947
5948
5949
5950
5953
5955
5956
5956
5956
5957
5958
5960
5961
5962
5965
5965
5967
5967
5968
5969
5970
5970
5970
5971
5973
5975
5976
5976
5976
5977
5980
5981
5982
5983
5984
5984
5985
5986
5988
5989
5989
5989
5993
5993
5993
5994
5994
5996
5997
5998
6001
6001
6001
6007
6008
6008
6009
6009
6011
6012
6015
6016
6016
6018
6019
6022
6022
6027
6027
6028
6029
6029
6031
6032
6032
6033
6039
6040
6041
6042
6042
6043
6045
6045
6050
6051
6051
6052
6053
6054
6054
6054
6055
6057
6057
6059
6060
6061
6061
6064
6064
6066
6067
6068
6068
6068
6068
6070
6070
6072
6073
6074
6074
6075
6075
6076
6077
6080
6080
6081
6081
6082
6083
6083
6085
6085
6086
6087
6092
6093
6093
6093
6093
6095
6096
6096
6097
6103
6103
6104
6108
6110
6110
6110
6110
6111
6111
6113
6114
6116
6117
6118
6118
6119
6120
6120
6125
6126
6127
6129
6130
6131
6131
6132
6132
6132
6133
6135
6136
6137
6137
6138
6138
6139
6140
6140
6142
6145
6146
6146
6147
6148
6151
6151
6152
6153
6154
6154
6155
6155
6156
6157
6157
6158
6158
6160
6161
6161
6163
6165
6166
6166
6166
6168
6172
6172
6172
6172
6173
6173
6176
6177
6178
6178
6180
6181
6183
6184
6184
6187
6188
6190
6190
6193
6195
6195
6196
6196
6198
6198
6199
6200
6200
6202
6202
6203
6203
6204
6204
6206
6206
6208
6208
6209
6210
6211
6212
6214
6216
6216
6216
6218
6220
6221
6221
6224
6226
6227
6227
6227
6229
6230
6231
6232
6232
6233
6234
6235
6235
6236
6238
6240
6240
6242
6242
6244
6246
6246
6246
6246
6246
6247
6248
6249
6249
6249
6250
6251
6253
6253
6260
6261
6261
6262
6266
6267
6267
6269
6272
6272
6273
6273
6278
6278
6279
6279
6279
6281
6281
6283
6283
6284
6284
6287
6288
6289
6291
6291
6292
6292
6293
6293
6295
6298
6298
6299
6299
6299
6300
6300
6303
6304
6304
6305
6307
6308
6309
6310
6312
6312
6313
6313
6313
6315
6315
6315
6316
6317
6319
6319
6320
6321
6321
6321
6323
6323
6326
6326
6327
6328
6329
6329
6330
6332
6332
6333
6333
6335
6336
6339
6340
6340
6342
6342
6343
6344
6345
6345
6346
6347
6348
6348
6348
6349
6349
6349
6349
6353
6353
6355
6356
6357
6357
6358
6361
6362
6362
6363
6364
6364
6364
6365
6365
6368
6372
6373
6373
6375
6375
6375
6376
6377
6377
6377
6378
6379
6379
6380
6381
6382
6382
6382
6384
6386
6388
6390
6390
6392
6393
6393
6393
6394
6394
6396
6398
6398
6398
6398
6403
6403
6404
6404
6406
6407
6407
6408
6409
6410
6411
6412
6413
6413
6413
6417
6417
6417
6419
6419
6420
6421
6421
6422
6422
6423
6423
6425
6426
6427
6427
6427
6428
6431
6431
6433
6433
6436
6437
6439
6439
6439
6442
6442
6443
6444
6445
6446
6447
6447
6448
6448
6449
6449
6449
6450
6450
6452
6452
6452
6452
6454
6457
6461
6461
6461
6462
6462
6463
6464
6464
6469
6470
6470
6472
6472
6472
6473
6473
6475
6475
6479
6483
6483
6483
6484
6486
6487
6489
6489
6490
6492
6493
6495
6495
6496
6498
6500
6502
6503
6510
6511
6511
6512
6512
6512
6513
6513
6514
6516
6516
6518
6520
6520
6520
6520
6521
6522
6522
6523
6523
6523
6524
6524
6526
6527
6528
6529
6534
6536
6540
6541
6544
6546
6547
6547
6547
6548
6552
6554
6556
6556
6559
6559
6560
6560
6561
6562
6562
6563
6564
6565
6566
6567
6572
6572
6572
6573
6576
6578
6579
6581
6583
6583
6583
6585
6586
6586
6587
6588
6588
6589
6590
6590
6590
6591
6591
6594
6596
6596
6597
6599
6600
6601
6601
6602
6603
6604
6610
6610
6610
6614
6614
6614
6616
6617
6617
6617
6617
6618
6619
6624
6624
6625
6625
6626
6626
6627
6630
6630
6632
6633
6637
6638
6638
6639
6641
6641
6642
6642
6642
6643
6644
6644
6645
6645
6647
6648
6650
6650
6650
6650
6651
6651
6652
6653
6654
6654
6658
6660
6660
6661
6661
6663
6663
6664
6666
6669
6670
6670
6671
6672
6674
6674
6675
6675
6675
6676
6676
6678
6679
6679
6681
6681
6688
6690
6691
6691
6694
6695
6697
6698
6700
6701
6702
6704
6705
6705
6706
6708
6708
6708
6709
6711
6711
6713
6716
6716
6717
6718
6719
6720
6721
6722
6722
6723
6723
6725
6725
6726
6727
6729
6730
6730
6731
6732
6732
6740
6741
6741
6741
6743
6743
6744
6744
6746
6746
6747
6748
6748
6749
6749
6751
6752
6752
6754
6754
6755
6755
6755
6758
6759
6760
6760
6762
6762
6763
6763
6764
6764
6764
6765
6766
6767
6768
6769
6770
6770
6771
6771
6773
6774
6775
6778
6780
6780
6780
6781
6783
6783
6783
6783
6784
6785
6787
6787
6789
6789
6789
6792
6793
6795
6795
6796
6796
6800
6801
6801
6801
6802
6802
6803
6803
6804
6804
6805
6806
6809
6810
6814
6815
6816
6816
6818
6818
6819
6819
6820
6820
6821
6822
6822
6823
6824
6826
6826
6827
6827
6829
6831
6832
6835
6838
6839
6839
6839
6840
6841
6841
6842
6843
6843
6844
6847
6848
6850
6851
6852
6852
6853
6854
6854
6856
6857
6858
6858
6860
6862
6863
6863
6864
6864
6865
6867
6868
6869
6871
6871
6873
6873
6874
6875
6875
6875
6875
6876
6876
6876
6877
6877
6877
6879
6880
6881
6882
6884
6886
6886
6887
6888
6888
6889
6889
6889
6889
6890
6890
6891
6892
6894
6895
6896
6897
6897
6897
6900
6900
6901
6904
6906
6907
6907
6907
6908
6910
6912
6914
6915
6916
6918
6918
6919
6920
6922
6923
6925
6927
6928
6928
6931
6931
6931
6932
6932
6933
6933
6933
6935
6935
6936
6938
6938
6938
6939
6939
6939
6939
6941
6942
6943
6943
6945
6945
6946
6948
6948
6949
6950
6951
6951
6952
6952
6953
6954
6957
6957
6959
6962
6963
6964
6966
6969
6972
6973
6973
6974
6977
6977
6977
6978
6979
6979
6980
6980
6981
6981
6984
6984
6986
6988
6988
6989
6990
6992
6993
6993
6994
6995
6995
6995
6996
6996
6999
7000
7000
7001
7001
7001
7004
7004
7007
7008
7009
7009
7009
7009
7010
7013
7014
7015
7017
7017
7017
7017
7018
7018
7019
7019
7020
7020
7020
7021
7023
7023
7024
7026
7027
7028
7028
7031
7031
7032
7032
7033
7033
7034
7039
7043
7044
7045
7045
7045
7045
7049
7050
7050
7054
7054
7054
7055
7055
7056
7056
7056
7057
7058
7060
7060
7062
7064
7067
7068
7068
7069
7072
7074
7075
7075
7075
7075
7076
7076
7077
7078
7079
7082
7084
7084
7085
7086
7086
7089
7093
7094
7095
7095
7095
7097
7099
7100
7100
7100
7101
7101
7103
7104
7105
7106
7106
7108
7108
7109
7110
7110
7110
7110
7111
7113
7113
7114
7114
7115
7115
7116
7117
7119
7121
7122
7123
7124
7125
7125
7128
7129
7129
7132
7132
7135
7135
7135
7136
7136
7137
7137
7138
7138
7138
7138
7139
7140
7141
7142
7142
7143
7143
7145
7146
7146
7146
7146
7146
7147
7148
7149
7150
7150
7152
7153
7154
7155
7156
7157
7158
7158
7158
7159
7159
7161
7162
7162
7162
7163
7164
7165
7167
7170
7170
7170
7171
7171
7171
7172
7173
7174
7174
7175
7175
7177
7177
7178
7179
7179
7179
7181
7182
7182
7183
7184
7184
7185
7188
7191
7192
7192
7194
7196
7197
7200
7200
7200
7201
7201
7202
7205
7205
7205
7205
7206
7208
7208
7209
7209
7209
7209
7210
7210
7211
7212
7212
7214
7215
7215
7216
7217
7217
7218
7219
7219
7220
7220
7221
7222
7222
7224
7226
7226
7228
7228
7229
7230
7230
7231
7232
7233
7234
7234
7235
7235
7236
7237
7240
7241
7241
7241
7242
7242
7243
7244
7244
7245
7245
7247
7247
7247
7248
7248
7249
7250
7252
7253
7255
7256
7258
7259
7260
7262
7263
7264
7264
7265
7266
7266
7267
7272
7273
7274
7274
7274
7278
7281
7281
7281
7282
7283
7283
7285
7287
7289
7291
7292
7292
7292
7294
7295
7295
7295
7295
7296
7297
7297
7297
7297
7298
7302
7303
7304
7304
7305
7305
7306
7307
7307
7307
7307
7309
7310
7311
7311
7311
7312
7312
7312
7314
7315
7315
7316
7318
7321
7322
7322
7322
7323
7323
7323
7325
7325
7326
7327
7327
7329
7329
7330
7331
7332
7333
7333
7334
7335
7336
7338
7339
7339
7340
7341
7342
7343
7344
7345
7345
7347
7348
7348
7350
7350
7352
7352
7353
7355
7355
7356
7356
7356
7357
7357
7358
7359
7360
7361
7363
7363
7366
7366
7367
7369
7370
7370
7372
7373
7373
7374
7375
7375
7377
7378
7379
7379
7379
7380
7381
7383
7385
7385
7385
7387
7388
7389
7389
7392
7393
7395
7395
7396
7396
7398
7398
7399
7400
7402
7402
7403
7404
7405
7407
7407
7408
7408
7408
7409
7409
7413
7413
7414
7416
7418
7418
7418
7419
7420
7420
7423
7423
7423
7425
7426
7429
7429
7430
7431
7431
7432
7433
7433
7434
7436
7438
7438
7439
7440
7440
7440
7441
7442
7443
7444
7445
7447
7448
7449
7449
7450
7451
7453
7455
7459
7459
7460
7460
7461
7461
7461
7462
7462
7465
7469
7469
7470
7471
7472
7473
7476
7478
7478
7479
7479
7480
7481
7481
7482
7483
7483
7485
7486
7487
7488
7488
7488
7491
7491
7492
7493
7501
7502
7502
7503
7504
7507
7508
7508
7509
7509
7509
7509
7511
7514
7515
7516
7517
7517
7518
7518
7519
7521
7522
7522
7523
7524
7525
7528
7528
7528
7529
7529
7530
7530
7530
7531
7532
7532
7532
7534
7535
7535
7535
7539
7542
7543
7544
7545
7547
7549
7550
7553
7554
7554
7554
7554
7554
7555
7556
7556
7556
7556
7556
7560
7561
7562
7563
7564
7564
7565
7565
7566
7566
7567
7567
7567
7570
7571
7572
7572
7572
7573
7573
7574
7574
7576
7577
7582
7583
7584
7586
7586
7588
7588
7589
7591
7591
7593
7593
7594
7595
7596
7597
7599
7601
7604
7604
7604
7605
7608
7611
7611
7612
7613
7613
7614
7615
7616
7617
7617
7618
7618
7619
7621
7621
7622
7623
7623
7624
7624
7625
7627
7627
7629
7629
7630
7630
7630
7630
7631
7633
7633
7633
7633
7634
7636
7636
7636
7636
7639
7641
7642
7643
7643
7644
7645
7646
7648
7648
7649
7650
7651
7653
7654
7655
7658
7659
7660
7660
7661
7662
7662
7665
7667
7668
7668
7669
7669
7669
7669
7672
7672
7673
7673
7673
7674
7675
7677
7677
7679
7679
7679
7682
7682
7682
7691
7692
7693
7694
7694
7697
7697
7698
7698
7701
7702
7705
7706
7706
7708
7711
7711
7712
7713
7714
7715
7717
7717
7717
7717
7719
7719
7719
7719
7720
7721
7722
7722
7722
7722
7723
7723
7726
7728
7728
7728
7729
7729
7729
7729
7730
7730
7732
7733
7735
7735
7735
7736
7736
7736
7737
7737
7738
7739
7740
7740
7742
7742
7745
7745
7745
7746
7747
7749
7749
7750
7750
7750
7752
7752
7755
7756
7757
7758
7758
7758
7762
7763
7764
7766
7768
7769
7771
7772
7772
7773
7773
7774
7778
7781
7785
7786
7786
7787
7789
7790
7790
7791
7791
7792
7793
7793
7793
7794
7794
7795
7797
7797
7799
7799
7800
7802
7803
7804
7805
7806
7810
7810
7811
7812
7814
7817
7818
7818
7819
7821
7821
7822
7822
7822
7823
7824
7824
7827
7828
7828
7832
7832
7835
7836
7837
7839
7840
7841
7843
7843
7844
7844
7845
7846
7851
7851
7854
7857
7858
7860
7862
7862
7863
7867
7868
7869
7869
7872
7873
7873
7875
7876
7876
7876
7877
7879
7880
7883
7884
7885
7886
7887
7888
7888
7891
7892
7894
7894
7895
7897
7898
7902
7903
7904
7904
7906
7910
7910
7911
7912
7912
7913
7915
7915
7918
7919
7920
7921
7924
7924
7926
7926
7926
7927
7928
7930
7931
7931
7932
7932
7933
7934
7935
7935
7935
7935
7938
7940
7940
7941
7941
7942
7942
7942
7944
7947
7951
7951
7954
7954
7954
7955
7955
7956
7960
7960
7961
7962
7963
7965
7966
7966
7966
7967
7967
7968
7970
7970
7972
7972
7972
7973
7975
7977
7977
7978
7978
7979
7981
7981
7982
7983
7987
7987
7987
7988
7989
7989
7991
7991
7991
7994
7996
7998
7999
8003
8003
8005
8005
8005
8006
8006
8008
8010
8011
8011
8012
8015
8015
8016
8017
8017
8017
8017
8018
8019
8020
8020
8020
8021
8021
8022
8022
8024
8024
8024
8025
8025
8027
8027
8027
8027
8028
8028
8029
8030
8033
8034
8036
8037
8037
8037
8038
8039
8041
8041
8042
8044
8044
8045
8047
8047
8048
8048
8048
8049
8049
8055
8056
8056
8058
8060
8063
8063
8065
8067
8067
8069
8069
8070
8070
8072
8072
8074
8075
8075
8075
8076
8077
8077
8077
8078
8079
8079
8081
8081
8083
8084
8086
8087
8087
8087
8087
8089
8089
8090
8090
8090
8093
8096
8097
8097
8099
8102
8102
8103
8104
8104
8104
8105
8107
8112
8112
8112
8112
8113
8114
8115
8115
8116
8118
8119
8120
8120
8123
8123
8123
8124
8125
8125
8125
8125
8127
8128
8129
8132
8132
8134
8134
8134
8134
8136
8136
8136
8138
8139
8141
8141
8141
8142
8145
8146
8147
8148
8148
8151
8153
8153
8158
8159
8159
8160
8161
8161
8162
8163
8164
8165
8168
8168
8168
8169
8169
8169
8171
8172
8173
8173
8173
8174
8175
8179
8179
8180
8180
8180
8181
8181
8186
8187
8189
8189
8191
8192
8193
8193
8195
8196
8197
8198
8203
8206
8207
8207
8208
8209
8209
8209
8210
8211
8211
8212
8213
8213
8214
8214
8215
8215
8215
8216
8216
8217
8219
8220
8221
8223
8224
8225
8225
8226
8226
8226
8227
8228
8228
8228
8229
8229
8230
8232
8235
8236
8236
8237
8237
8238
8239
8239
8239
8239
8241
8243
8245
8246
8246
8247
8248
8249
8249
8249
8249
8249
8251
8251
8251
8252
8253
8254
8259
8259
8260
8262
8263
8263
8266
8267
8267
8269
8270
8271
8273
8277
8279
8280
8283
8283
8286
8286
8288
8289
8291
8293
8294
8294
8295
8295
8296
8296
8296
8297
8298
8300
8300
8300
8301
8301
8303
8304
8304
8305
8305
8306
8310
8311
8314
8314
8315
8315
8317
8318
8319
8322
8322
8322
8323
8323
8326
8326
8328
8330
8330
8330
8331
8332
8333
8333
8336
8337
8338
8338
8339
8340
8341
8342
8342
8343
8343
8344
8344
8345
8346
8346
8347
8348
8351
8352
8354
8354
8358
8359
8359
8361
8361
8362
8363
8364
8365
8367
8367
8368
8369
8370
8370
8372
8372
8372
8374
8374
8377
8378
8378
8378
8379
8379
8379
8380
8383
8383
8384
8385
8386
8389
8389
8390
8390
8391
8391
8392
8392
8393
8393
8395
8396
8397
8397
8397
8399
8399
8399
8400
8401
8402
8402
8403
8403
8403
8406
8407
8409
8409
8411
8413
8414
8415
8416
8418
8418
8419
8419
8420
8422
8424
8426
8428
8429
8429
8430
8430
8432
8432
8433
8434
8435
8435
8436
8437
8438
8439
8439
8440
8442
8445
8446
8447
8447
8447
8450
8451
8451
8453
8453
8456
8456
8456
8457
8458
8458
8458
8460
8461
8462
8463
8463
8463
8466
8467
8472
8474
8477
8479
8479
8481
8481
8482
8482
8483
8484
8485
8485
8485
8486
8486
8487
8488
8489
8489
8491
8492
8493
8493
8495
8495
8495
8496
8498
8499
8499
8499
8500
8501
8501
8502
8502
8503
8503
8505
8506
8506
8507
8509
8509
8510
8510
8510
8511
8511
8512
8513
8515
8515
8516
8517
8518
8518
8519
8519
8520
8520
8521
8522
8524
8524
8526
8527
8528
8528
8529
8531
8531
8531
8534
8534
8535
8536
8537
8538
8540
8541
8541
8542
8542
8543
8544
8544
8544
8545
8546
8546
8548
8549
8550
8550
8550
8550
8551
8552
8554
8559
8560
8564
8564
8564
8565
8566
8566
8569
8570
8571
8571
8572
8573
8574
8575
8576
8576
8576
8577
8580
8580
8580
8580
8581
8582
8583
8585
8587
8587
8590
8590
8591
8592
8596
8597
8599
8600
8600
8601
8602
8602
8605
8606
8606
8607
8608
8609
8610
8610
8610
8614
8616
8617
8617
8617
8617
8620
8622
8622
8624
8626
8626
8627
8631
8632
8632
8634
8634
8636
8637
8638
8639
8639
8640
8640
8640
8642
8642
8645
8646
8646
8647
8647
8649
8651
8652
8654
8656
8658
8658
8660
8660
8660
8661
8661
8661
8662
8663
8664
8664
8669
8670
8671
8671
8678
8678
8680
8681
8682
8682
8682
8683
8684
8686
8686
8687
8688
8688
8688
8691
8692
8692
8694
8695
8697
8699
8702
8703
8703
8703
8705
8706
8706
8707
8707
8708
8709
8710
8710
8711
8711
8712
8712
8713
8713
8714
8715
8717
8717
8717
8718
8719
8721
8721
8722
8722
8724
8725
8727
8727
8728
8729
8729
8731
8731
8734
8737
8737
8737
8738
8743
8744
8745
8746
8747
8748
8750
8751
8752
8752
8753
8754
8755
8756
8757
8759
8759
8759
8760
8760
8761
8763
8764
8764
8766
8766
8767
8767
8768
8768
8769
8769
8769
8770
8771
8773
8774
8775
8776
8778
8779
8781
8782
8782
8783
8784
8784
8785
8785
8785
8786
8786
8786
8786
8786
8789
8791
8793
8793
8795
8795
8795
8796
8798
8799
8802
8802
8802
8803
8804
8806
8806
8808
8810
8810
8811
8812
8815
8816
8817
8821
8822
8823
8824
8824
8824
8824
8825
8825
8825
8826
8828
8834
8834
8834
8835
8835
8835
8836
8842
8844
8845
8848
8849
8849
8851
8852
8853
8854
8854
8855
8856
8856
8858
8862
8864
8864
8865
8867
8867
8868
8869
8869
8870
8870
8870
8871
8875
8875
8877
8877
8879
8880
8887
8887
8891
8893
8894
8894
8896
8897
8897
8898
8899
8900
8900
8901
8902
8904
8905
8906
8906
8906
8907
8909
8910
8911
8911
8911
8912
8913
8914
8915
8917
8917
8917
8917
8919
8920
8921
8922
8926
8927
8927
8928
8929
8934
8935
8935
8944
8944
8946
8947
8947
8948
8948
8949
8949
8951
8951
8952
8952
8955
8955
8956
8957
8959
8959
8960
8961
8964
8965
8965
8965
8966
8966
8966
8967
8967
8968
8969
8969
8970
8972
8972
8973
8973
8974
8975
8978
8979
8982
8982
8982
8983
8984
8984
8989
8989
8991
8993
8993
8993
8994
8995
8998
8999
9000
9001
9002
9004
9005
9005
9005
9006
9008
9009
9010
9011
9018
9020
9020
9020
9021
9022
9023
9025
9025
9025
9025
9028
9030
9031
9032
9034
9036
9036
9037
9039
9042
9042
9042
9045
9046
9047
9052
9052
9052
9052
9055
9056
9058
9061
9062
9062
9063
9063
9064
9064
9065
9065
9066
9068
9068
9068
9068
9068
9068
9069
9070
9073
9076
9076
9078
9078
9078
9078
9079
9079
9081
9081
9084
9084
9085
9087
9088
9089
9089
9092
9092
9093
9093
9096
9097
9099
9099
9100
9101
9101
9101
9103
9104
9105
9106
9107
9107
9107
9108
9109
9110
9113
9114
9118
9118
9119
9121
9121
9123
9123
9123
9126
9131
9132
9135
9135
9136
9138
9139
9140
9142
9142
9143
9143
9146
9146
9147
9147
9148
9149
9152
9153
9153
9154
9156
9157
9157
9157
9157
9158
9159
9159
9162
9164
9165
9165
9165
9166
9171
9172
9172
9176
9178
9179
9179
9179
9179
9180
9180
9183
9184
9186
9186
9187
9187
9187
9189
9190
9191
9192
9192
9193
9194
9194
9195
9195
9195
9196
9197
9197
9198
9198
9200
9202
9203
9204
9204
9205
9207
9207
9208
9209
9209
9211
9212
9213
9213
9215
9215
9215
9216
9219
9219
9220
9221
9224
9224
9225
9226
9226
9227
9228
9228
9232
9232
9233
9236
9237
9239
9239
9239
9242
9243
9244
9244
9244
9244
9245
9247
9248
9249
9250
9250
9251
9251
9251
9252
9252
9254
9254
9255
9256
9256
9258
9258
9260
9264
9265
9266
9268
9269
9270
9271
9271
9271
9271
9273
9273
9274
9275
9275
9276
9277
9277
9279
9279
9280
9280
9280
9281
9281
9282
9286
9286
9288
9288
9289
9292
9292
9292
9292
9293
9294
9298
9299
9300
9300
9301
9301
9304
9306
9307
9308
9309
9311
9312
9313
9313
9317
9318
9318
9318
9319
9319
9324
9326
9327
9327
9330
9331
9332
9333
9333
9333
9334
9334
9334
9334
9337
9343
9345
9345
9345
9346
9349
9350
9351
9352
9354
9355
9356
9358
9358
9359
9360
9361
9362
9364
9365
9368
9368
9370
9371
9374
9375
9375
9376
9377
9377
9378
9379
9382
9382
9383
9385
9387
9387
9389
9390
9391
9391
9391
9392
9393
9393
9393
9393
9395
9395
9396
9398
9398
9401
9401
9402
9402
9403
9403
9404
9405
9405
9406
9407
9408
9409
9409
9409
9411
9411
9412
9412
9415
9415
9415
9417
9418
9421
9422
9422
9426
9426
9427
9427
9428
9429
9429
9430
9433
9433
9433
9434
9435
9438
9439
9439
9440
9440
9441
9441
9442
9442
9443
9443
9444
9444
9445
9446
9447
9447
9449
9450
9451
9454
9455
9455
9456
9458
9458
9459
9460
9462
9463
9463
9464
9464
9465
9465
9466
9466
9467
9468
9468
9469
9469
9470
9472
9473
9474
9474
9475
9475
9475
9477
9478
9479
9480
9482
9482
9483
9483
9483
9484
9484
9485
9485
9486
9487
9488
9488
9490
9491
9492
9493
9495
9496
9498
9499
9499
9501
9502
9502
9503
9504
9505
9506
9506
9506
9509
9513
9514
9515
9515
9516
9516
9517
9517
9518
9518
9521
9521
9521
9523
9526
9526
9526
9528
9532
9535
9535
9537
9539
9539
9540
9543
9543
9544
9544
9544
9546
9546
9547
9547
9549
9550
9554
9554
9555
9556
9556
9558
9558
9560
9560
9562
9562
9562
9563
9564
9565
9565
9566
9567
9568
9569
9571
9571
9571
9572
9576
9577
9577
9577
9578
9579
9582
9584
9584
9586
9586
9587
9587
9588
9589
9590
9591
9593
9593
9595
9595
9598
9598
9599
9599
9600
9600
9601
9601
9602
9602
9602
9603
9603
9603
9603
9605
9606
9607
9608
9609
9609
9609
9610
9611
9613
9616
9617
9617
9618
9618
9618
9619
9621
9621
9623
9623
9623
9623
9624
9625
9627
9629
9632
9632
9633
9635
9636
9638
9640
9643
9643
9645
9647
9647
9650
9650
9651
9652
9652
9652
9653
9653
9653
9653
9656
9658
9658
9658
9659
9659
9660
9663
9663
9663
9663
9664
9665
9665
9666
9668
9668
9669
9673
9674
9674
9675
9675
9675
9678
9678
9679
9680
9680
9681
9683
9685
9688
9690
9691
9691
9694
9694
9694
9694
9695
9696
9696
9696
9701
9701
9702
9702
9703
9704
9706
9711
9716
9721
9721
9722
9722
9723
9724
9724
9725
9725
9725
9726
9726
9727
9727
9729
9729
9729
9730
9730
9730
9732
9738
9738
9738
9739
9742
9743
9744
9744
9744
9745
9746
9746
9746
9747
9748
9748
9749
9749
9750
9752
9752
9753
9754
9755
9756
9756
9757
9757
9758
9759
9760
9760
9760
9764
9764
9765
9765
9766
9767
9767
9767
9768
9768
9771
9772
9773
9773
9774
9774
9776
9776
9777
9779
9780
9782
9782
9783
9783
9784
9785
9785
9787
9788
9788
9788
9788
9790
9790
9791
9791
9793
9795
9795
9795
9795
9797
9798
9801
9803
9804
9805
9807
9807
9808
9810
9810
9812
9814
9816
9816
9816
9817
9818
9818
9818
9818
9819
9819
9822
9822
9822
9823
9824
9824
9825
9825
9825
9827
9827
9827
9827
9830
9831
9831
9831
9832
9833
9834
9835
9836
9838
9838
9839
9840
9841
9841
9842
9842
9843
9843
9845
9848
9848
9848
9848
9849
9850
9855
9856
9856
9856
9858
9858
9858
9860
9861
9861
9862
9862
9863
9864
9866
9866
9866
9866
9867
9867
9867
9868
9869
9870
9872
9873
9873
9874
9875
9876
9876
9878
9878
9879
9880
9880
9881
9881
9883
9884
9885
9887
9887
9888
9890
9891
9891
9891
9892
9893
9893
9895
9895
9896
9896
9897
9898
9899
9899
9901
9901
9901
9904
9905
9906
9906
9909
9910
9911
9911
9912
9912
9913
9914
9916
9921
9921
9921
9922
9922
9923
9924
9925
9927
9928
9928
9930
9930
9931
9932
9933
9934
9935
9935
9937
9937
9937
9938
9939
9940
9940
9940
9941
9941
9941
9942
9942
9943
9944
9944
9945
9946
9948
9949
9951
9951
9953
9953
9953
9953
9954
9955
9955
9958
9959
9961
9963
9965
9965
9966
9968
9968
9969
9969
9970
9970
9974
9974
9976
9976
9976
9979
9982
9983
9983
9983
9983
9984
9984
9984
9984
9985
9987
9988
9988
9988
9989
9989
9989
9989
9991
9991
9992
9993
9995
9997
9998
9999
