0
1
1
1
2
2
3
4
6
7
7
8
10
10
11
11
11
11
12
12
12
14
14
15
22
22
22
23
24
25
28
30
30
30
31
32
32
32
34
35
37
37
37
37
38
40
41
42
45
45
47
47
47
47
51
51
51
52
53
53
54
55
57
57
57
59
59
61
61
62
64
64
64
64
65
65
67
68
69
69
70
71
72
73
74
77
77
78
80
81
81
81
81
82
82
83
84
85
86
87
87
88
89
89
89
91
91
92
93
93
94
94
96
96
98
98
98
100
101
102
102
102
103
103
105
106
106
108
109
110
110
110
112
113
113
115
116
118
118
118
121
122
124
125
126
126
127
128
128
130
131
131
133
133
133
134
135
135
135
136
136
137
137
139
139
139
140
141
141
142
145
145
146
149
150
150
151
152
153
153
155
156
156
157
158
158
159
160
160
163
163
166
166
167
167
167
168
169
170
171
173
174
175
177
178
178
180
180
180
181
184
184
187
188
189
190
191
192
194
194
194
194
196
197
197
198
201
201
201
203
205
205
208
209
211
212
212
212
212
213
213
214
215
215
216
216
222
222
228
228
229
232
233
234
235
235
236
236
239
239
240
243
244
246
246
246
247
247
253
255
256
256
256
257
258
258
260
263
263
264
265
267
268
268
269
269
270
270
272
272
272
273
274
274
277
278
278
279
282
283
284
284
286
286
290
290
291
292
292
293
294
294
295
295
296
296
296
298
298
299
301
302
303
304
304
304
307
307
308
311
311
312
312
312
312
313
313
313
313
314
315
317
319
320
320
321
322
322
322
323
323
324
325
325
326
326
329
329
329
330
331
335
338
338
340
343
346
346
346
346
347
347
351
351
352
353
354
354
355
357
357
358
360
363
364
365
365
366
366
366
368
369
372
375
376
376
380
382
382
382
382
384
386
386
386
387
387
388
390
390
390
391
391
391
392
392
394
395
397
397
399
402
403
403
405
408
408
409
411
412
415
416
418
420
421
422
423
423
424
424
425
429
429
430
431
433
433
434
435
436
437
437
437
438
438
438
438
442
443
444
444
445
447
447
448
448
449
453
453
453
453
454
455
455
455
456
456
458
458
460
461
461
462
462
462
465
466
467
471
473
474
478
481
481
482
482
484
484
485
488
490
491
491
492
494
494
496
497
497
498
499
500
501
502
502
502
504
505
506
507
507
508
508
511
511
513
513
513
515
516
517
517
517
518
518
518
519
519
521
523
523
524
526
526
526
527
528
529
530
532
533
534
536
536
536
537
539
540
540
540
542
544
545
546
547
547
548
549
550
551
552
553
553
553
554
555
556
557
557
558
559
561
563
563
563
566
567
567
568
569
571
572
574
576
580
582
583
584
584
584
585
586
587
588
588
590
591
591
592
592
594
595
595
596
596
598
600
600
602
603
603
604
606
607
608
612
613
617
617
617
618
619
620
621
622
622
622
623
624
624
625
627
629
631
632
634
634
639
641
643
643
644
644
646
649
651
652
652
653
654
655
658
658
660
660
663
663
665
667
667
668
669
671
672
673
674
676
680
680
682
683
683
684
684
688
689
689
689
689
690
692
692
693
694
695
698
699
700
700
704
705
706
706
708
710
711
713
714
714
715
715
715
716
717
717
721
721
722
723
723
724
725
725
727
727
728
729
730
730
731
731
732
733
734
734
735
737
738
738
738
738
740
740
741
741
743
747
748
749
750
750
750
751
752
753
755
755
756
756
756
760
760
762
762
763
764
764
764
764
765
766
766
767
767
767
768
768
768
769
770
771
772
773
773
774
774
775
776
779
781
781
782
783
783
786
787
789
791
791
791
791
792
794
794
794
795
798
798
798
798
801
802
802
803
803
806
806
809
809
810
811
813
814
815
816
817
817
820
820
822
824
825
825
826
827
827
830
830
831
834
834
836
837
837
838
839
839
839
840
840
841
843
844
846
846
846
846
849
851
851
852
852
854
856
856
857
859
862
862
862
863
863
863
864
866
868
869
869
872
872
872
874
874
876
876
877
877
878
878
880
882
885
886
886
887
888
889
890
890
891
892
892
894
896
897
897
898
900
901
905
906
906
906
908
908
908
908
910
911
911
911
912
913
913
914
914
916
919
920
923
924
925
925
926
928
929
929
930
931
931
935
938
939
941
942
943
944
944
945
946
946
946
948
948
949
949
950
952
952
953
955
955
955
957
957
958
959
959
965
965
966
966
967
967
969
969
970
970
974
974
975
978
979
980
981
983
985
985
987
988
990
990
991
991
993
993
994
994
995
996
